8
10
15
20
23
24
26
28
29
30
32
40
46
47
50
59
63
66
68
69
70
73
74
78
80
81
83
84
88
90
92
93
94
95
97
100
105
106
111
112
114
117
119
120
127
130
132
141
142
143
144
146
147
148
152
154
167
169
171
172
173
177
180
184
189
190
194
200
201
202
205
209
211
214
220
222
225
229
230
231
234
235
236
243
246
251
256
263
264
268
269
271
273
277
279
280
284
288
293
295
605
607
608
609
618
621
625
627
633
634
635
641
645
648
649
651
652
653
657
658
661
666
668
674
678
684
686
687
689
690
696
705
712
714
715
717
721
724
728
730
731
732
739
745
749
761
763
764
765
773
774
778
785
789
793
797
802
803
807
808
809
817
819
821
823
824
825
827
829
831
835
837
839
842
843
845
847
849
852
853
854
861
866
867
868
870
881
883
884
887
891
895
1203
1209
1211
1215
1216
1220
1221
1222
1223
1227
1228
1229
1230
1231
1234
1235
1236
1237
1238
1239
1245
1252
1253
1255
1257
1258
1262
1267
1268
1269
1271
1272
1273
1274
1277
1279
1280
1282
1283
1289
1290
1295
1304
1305
1306
1310
1312
1313
1314
1315
1322
1325
1326
1328
1329
1332
1333
1335
1341
1342
1343
1346
1348
1349
1355
1358
1359
1360
1361
1363
1367
1371
1372
1373
1383
1384
1385
1387
1388
1389
1390
1391
1393
1394
1401
1404
1405
1406
1408
1411
1413
1419
1420
1421
1422
1423
1424
1427
1430
1435
1438
1440
1441
1444
1447
1449
1453
1461
1464
1465
1466
1468
1469
1472
1483
1485
1487
1497
1499
1800
1801
1803
1804
1812
1813
1814
1819
1820
1821
1822
1827
1830
1831
1835
1838
1846
1855
1856
1858
1861
1866
1870
1871
1872
1873
1875
1876
1879
1880
1882
1884
1885
1891
1892
1894
1900
1901
1909
1911
1913
1919
1920
1921
1923
1924
1925
1927
1928
1930
1931
1934
1942
1944
1949
1961
1968
1974
1978
1984
1986
1987
1988
1990
1991
1994
1996
1999
2000
2003
2011
2012
2014
2015
2021
2025
2028
2031
2033
2034
2036
2037
2039
2041
2044
2047
2048
2049
2051
2052
2053
2054
2058
2059
2061
2063
2076
2080
2081
2082
2083
2084
2091
2092
2093
2094
2096
2097
2401
2407
2408
2409
2410
2418
2428
2431
2433
2434
2436
2441
2444
2445
2452
2453
2456
2458
2459
2461
2463
2467
2471
2473
2477
2480
2481
2485
2488
2489
2491
2492
2495
2497
2498
2501
2502
2504
2507
2509
2511
2513
2515
2518
2521
2539
2542
2544
2546
2550
2551
2554
2555
2557
2558
2563
2567
2568
2569
2570
2571
2572
2579
2580
2583
2585
2586
2587
2588
2596
2598
2599
2602
2607
2609
2613
2617
2618
2622
2623
2627
2629
2630
2631
2632
2640
2641
2643
2649
2650
2651
2652
2653
2669
2670
2672
2678
2679
2680
2684
2687
2694
2695
2696
3001
3009
3010
3013
3015
3019
3021
3023
3024
3028
3029
3034
3040
3042
3046
3047
3048
3049
3050
3051
3054
3057
3059
3060
3069
3070
3073
3074
3075
3077
3082
3092
3093
3097
3098
3100
3102
3109
3110
3114
3115
3118
3120
3126
3127
3130
3132
3135
3136
3137
3139
3141
3145
3146
3148
3149
3152
3155
3156
3159
3160
3162
3165
3168
3171
3173
3179
3180
3186
3187
3188
3191
3192
3193
3194
3195
3198
3199
3200
3211
3217
3218
3219
3222
3223
3226
3227
3229
3231
3233
3235
3239
3240
3241
3242
3244
3245
3252
3253
3255
3257
3258
3264
3268
3269
3271
3272
3273
3276
3278
3280
3284
3286
3287
3288
3289
3290
3293
3295
3297
3600
3601
3605
3606
3607
3608
3613
3614
3615
3620
3625
3628
3629
3630
3633
3634
3635
3638
3639
3642
3643
3645
3646
3652
3655
3658
3663
3667
3670
3671
3674
3675
3677
3678
3684
3687
3688
3691
3693
3704
3706
3707
3709
3711
3713
3715
3716
3719
3724
3728
3730
3731
3732
3734
3737
3741
3746
3750
3751
3752
3753
3754
3758
3762
3765
3768
3770
3771
3772
3773
3779
3782
3783
3786
3787
3789
3791
3793
3795
3800
3802
3809
3813
3814
3816
3819
3822
3825
3827
3829
3830
3831
3843
3846
3852
3857
3859
3867
3872
3874
3876
3879
3887
3890
3892
3895
4201
4202
4207
4208
4210
4214
4215
4216
4218
4219
4223
4224
4228
4229
4230
4232
4237
4241
4243
4244
4246
4248
4249
4250
4251
4258
4262
4265
4267
4269
4270
4271
4273
4277
4279
4280
4282
4285
4286
4288
4291
4292
4293
4294
4299
4301
4302
4303
4311
4312
4313
4315
4316
4319
4320
4321
4322
4325
4330
4333
4334
4337
4342
4343
4346
4347
4348
4349
4350
4354
4356
4360
4364
4366
4367
4369
4370
4371
4372
4373
4375
4376
4386
4389
4399
4400
4401
4403
4405
4410
4411
4414
4415
4418
4422
4429
4431
4433
4435
4437
4439
4440
4441
4444
4454
4455
4456
4458
4459
4460
4461
4464
4465
4467
4468
4469
4471
4478
4483
4485
4487
4492
4493
4497
4499
4802
4803
4804
4811
4814
4815
4816
4817
4819
4820
4821
4822
4824
4825
4828
4829
4831
4833
4835
4848
4851
4852
4853
4854
4860
4862
4868
4869
4871
4873
4874
4876
4878
4879
4884
4890
4893
4898
4900
4903
4904
4905
4907
4908
4913
4915
4918
4923
4926
4927
4930
4931
4936
4938
4943
4953
4962
4969
4971
4973
4974
4976
4979
4981
4983
4987
4992
4993
4995
4996
5004
5007
5016
5023
5025
5026
5029
5030
5035
5036
5037
5038
5040
5043
5044
5047
5058
5060
5063
5064
5070
5071
5073
5075
5076
5081
5082
5083
5087
5089
5090
5094
5096
5405
5406
5408
5411
5413
5416
5420
5431
5432
5437
5445
5452
5453
5455
5461
5464
5473
5474
5476
5481
5484
5487
5489
5491
5492
5493
5495
5496
5497
5499
5502
5505
5508
5520
5521
5522
5523
5529
5531
5535
5537
5540
5541
5543
5544
5546
5547
5548
5552
5553
5554
5558
5564
5568
5572
5574
5576
5577
5580
5595
5597
5598
5599
5600
5601
5602
5605
5606
5608
5610
5616
5618
5619
5620
5621
5628
5631
5632
5635
5636
5637
5638
5640
5642
5645
5646
5649
5655
5656
5657
5658
5659
5663
5664
5665
5667
5669
5670
5672
5674
5680
5681
5684
5686
5687
5690
5692
5693
5697
5698
