301
302
303
306
313
316
319
321
329
338
344
345
347
362
381
390
396
400
405
414
416
421
425
447
448
450
455
465
475
476
477
483
488
493
496
509
512
514
521
526
537
544
545
550
552
563
566
570
576
596
599
903
906
907
914
916
917
921
927
936
938
939
945
949
950
963
964
967
972
974
976
978
986
987
988
1010
1023
1028
1030
1040
1041
1045
1049
1050
1053
1059
1066
1068
1075
1081
1085
1092
1100
1101
1110
1111
1119
1121
1122
1126
1129
1134
1140
1145
1152
1156
1161
1169
1174
1178
1184
1186
1190
1501
1510
1516
1523
1527
1529
1532
1533
1539
1540
1542
1550
1554
1556
1561
1566
1567
1581
1585
1589
1595
1597
1603
1613
1615
1616
1621
1624
1625
1626
1637
1640
1647
1648
1654
1667
1670
1675
1678
1690
1694
1705
1707
1722
1725
1733
1736
1738
1746
1752
1753
1757
1767
1780
1786
1787
1793
1794
2103
2107
2109
2110
2114
2119
2130
2132
2141
2142
2143
2144
2148
2154
2164
2165
2166
2174
2175
2177
2181
2204
2206
2207
2212
2218
2226
2229
2233
2244
2245
2246
2252
2253
2258
2265
2268
2273
2274
2281
2284
2292
2297
2329
2336
2342
2373
2376
2378
2379
2386
2387
2389
2397
2702
2704
2707
2713
2714
2717
2724
2730
2733
2736
2747
2750
2775
2777
2787
2799
2804
2808
2809
2816
2821
2825
2840
2844
2850
2851
2863
2864
2883
2887
2890
2892
2893
2895
2897
2910
2918
2924
2927
2928
2933
2945
2952
2955
2971
2977
3303
3308
3310
3317
3320
3328
3334
3335
3341
3346
3374
3375
3412
3414
3417
3420
3431
3432
3439
3442
3444
3447
3449
3450
3454
3455
3461
3463
3467
3470
3471
3473
3474
3479
3481
3507
3515
3529
3530
3532
3543
3555
3562
3569
3578
3582
3583
3584
3918
3927
3932
3933
3942
3943
3944
3955
3978
3989
3991
3995
4000
4010
4019
4024
4029
4031
4036
4043
4048
4052
4066
4076
4080
4082
4085
4116
4120
4121
4130
4132
4138
4142
4151
4155
4166
4167
4168
4172
4178
4179
4180
4181
4182
4185
4186
4509
4513
4515
4518
4520
4527
4544
4554
4558
4562
4563
4575
4579
4581
4584
4606
4628
4633
4634
4636
4641
4653
4656
4661
4682
4689
4693
4694
4714
4718
4721
4729
4733
4759
4760
4761
4768
4773
4776
4781
4782
4783
4786
4790
4798
5103
5105
5109
5114
5116
5121
5126
5130
5143
5148
5152
5158
5163
5167
5170
5174
5176
5185
5186
5196
5197
5208
5214
5232
5237
5245
5248
5271
5276
5281
5285
5291
5294
5296
5312
5318
5327
5330
5332
5343
5344
5351
5354
5357
5378
5382
5386
5397
5398
5399
5720
5728
5729
5734
5735
5737
5746
5747
5765
5770
5778
5783
5795
5797
5813
5821
5825
5839
5840
5851
5858
5863
5864
5874
5875
5876
5885
5895
5907
5919
5935
5941
5944
5962
5974
5978
5985
5987
5989
5996
